75089179027726672887336102603898664546855189218559905721950315877625905924861
106331966934468216804823967813737827236718149606814534889163782054734610056373
76851861874315064453247803003777526508953460825926464988756747705153571532927
60025534657726876545470586388593486110965716423836357645257358703723340383713
68197063907549156683724435634662700517383852766081530901373859063570560812973
78978291106533043367821080267558230970026445821613281428664497513725486727501
108892450426820369240390799235176051173031499796358947918097396175281835509437
68292626845618277552609598834221775589732846511310366883449949231071763431457
62295342267493003461954356943827249282358196060908959407096650555462213476479
82946839969348944678202701153880055736892303087665776194698739732095352808981
74036247348966869144784369913867055290453904227817184385214700240004081532281
94937186235027407906085117410953035048804519168269900677632753610424860796431
66303215949541414812366056014805020329278102446717673667145008757069796819879
114957058428192026751062883134745043407900771666679068722244101389867131594397
106443194078678465928784421999260991631029189664027247713870813661194997558847
90679393134824562585326819433619723111798403555116830319488418857976753838519
113740218097202609325261863727931939054964874020229689830939428056328740272297
102099763709353614589944026472927953313984785774810061753480759347679216583751
89664496092728127783912447010012866123766651508497494262180442253822762493349
103506977646811033108337637750917951849201229382225482865960061805818696310653
83438186940148042517625102053040607104791119011189664597165064973556703552371
97490309393297913954935563045219718610143485173050062605290715165075190802899
104868426596149491210230276197710374328962196783402485579079315099499957731433
90143718240210127584558074371051393619659307882932822237826761854257367371651
67395396431990347707631527378832860624179899590016144455921773723405323912409
60360896185760116405140373855994934205262945710009677000508813792294182649939
60226685317831258730909047721620289374873809487848529623319831831548172348819
59698568768181716473990819025976300962132279751401506992494962141167591496837
86136624511468043409904891719337479241220731766293380351210856598417189837017
61197322448934387291704066686253274950222998391553245936214693208682291650577
60695119181495010790123197714456933346866682698790388765259394085092977547193
113703939301643985952683075454521859763855853028946469176845747700407902534521
69641304735918983450067364834771756916099415819233971057347168544927341089141
93466954503998967064154873332312677619728455991521001023263858823742989212399
59588088791155768227696765540653932995505476054903136134998718843969267947407
97750302429210110134955852534882696407876025282029401341194187169512381669953
91942847120863881201272156892223655302898555878614517747751749969861189757803
92132080908356717506089040944750417067418493287566736137212561530020560589591
90071643861338781141101168783592916210445954663975812638214977521677028520443
76273093757909753184713899985928221793681051711461876279947671106381450229471
59392015053994310403053123248453986081284376070554994396419290887042938539003
58057134038765420943961303431524228100318586462031261219633794480840745502109
104275596321248614953555054440922236589276478048243236259946728791814186974007
72618746438704317732107052428185876129537833058443964743751732141110754500631
105163713163521037065644885932542140054345466854374274441595713287180470830297
111258838225689893696455955405959301995541797642671480405048664746550357095499
105907533864590467106458124333689870064865468746828731622612631325942867439971
110562503864165303922950839162169873219197604060042805028268181756016022628959
88436089726630232797486333370486255475664403714220637916409607000209754852651
77321931484177826837745779156903889521566263725632187710409786093239982000249
102898676752915598850446874104322688083290066428387986629979447170055602887973
84411499551859507582587119614779771703885364230684497788819446558319607816959
81969901886532108369812761416435789460517754865455778243426835817077499648661
58904559158189418309320665808222014229754519992981786421209169755132647787891
57899141428293506528403317234225345760900368077755182346994498602925024442359
69060946649549207696529977275093782715961423643728276002550196281825092811027
64588423728509848787758757397870415089723467957017883509746600395278544123453
84425029233104573208128119211538873118810187160947206936048475552318117237101
103708148090625385317614977876754647814943061277233424884169036571881770433041
107084518609344994352556170580813498566248776957633130456119099319772109010057
95169599801560211734364898280058390926020514898621495723006679581048518548217
63821880878741327110245910587250049240875518235153973985162187283555250311093
93849333804478752476053437761897175775994111047712452122035220296402202550517
94547795555955783200414490203438218150556185223694306142032115484045435755807
68858035279032218746026534403602559866539561050753856345658939917208925149847
65543174951282053401005160243310561843127251251287201069439252913300827203117
112645423784113242408142657709230504273927905085505977187974040896659801938213
89545388874111091059405872190031317644380923309616959687243464612658508150867
101091948924673851995720032478744901971033167530820451080791788462808004204921
89629303440327884063735490708006132715359270930667657913291552784819323691673
112051040341184112250507401599459023530551918248001299482166522424266701510839
65910142443550849825639125962844199890050375500592421842154644158561460755927
115405746091788268642111861082087494280368633159860625753261179279820893819937
103732608048038853337021401213225696631029523541833030127108548104980992481081
94461595915977143323425594483652122564247354008053856475212194228908140786619
89985409918998333989356464040982928964031778475487841628379900187447762571129
98727497625489732489801900094060401491272919693562505708303950156277165989391
90558914575210990287918415004114256696747083674619354020997562126024886771663
60266826774304684702160996088417363268572457025028280708958724186846312655331
63716456420436960453448367985671938603316755807338133249315847390673268721809
68364341287051969283139295619232527241651620082751718600804571986776268633653
112753448365936971208049785658466633702466253554210690986400784227595398092103
105751888183634469833828297537595415041244575021220960234867158202706927489371
103523617492691833172169020200239855996497983272743859021713915747342268750431
80413230637921532799227511793004667948423531456583477937970100765041892424561
105048195564812920016434451237706489472575472667424119365558243947776286229363
106161231124149109975291984174047369362038274264693373656939303650798358807831
83809658278423339343353052472641320387999041183801701681956454047225698673949
98988735060369513852255022115614961587730426511151894497982836833880402815207
72658894750000177625607718754779275201273536640893831165027372262189034468753
69464873498212860691714056570977530662327398837813664962799047892037432859821
93069718366876175434160106892364947024636307439648309748826278550446184742083
75844706855669221975336828822946453107772424161417197914202219141692633063281
89736570364976399530095236033458002252883013228605431241527421733858791286461
98658096978104737319309071427390196108656260633859804824109447871382724006713
97640420753680671989252445310314098018945622202293841057083147174020741702087
66095562610840801689407494421215941771980068772392178281841276083725223035199
113531681445554396137970225648376916594828681172849779170133242490083211535309
77472794467124310196470635802209838791674836058373980262161544115635086384799
110544330183787541853035800590992419185740508652478722276511481298492261979203
